0.00 1.00 0.50 3.00 6.00 251.78
0.02 1.01 0.51 2.99 5.98 251.85
0.04 1.02 0.52 2.99 5.96 251.93
0.06 1.03 0.52 2.98 5.94 252.00
0.08 1.04 0.53 2.97 5.92 252.08
0.10 1.05 0.54 2.97 5.90 252.15
0.12 1.06 0.55 2.96 5.88 252.22
0.14 1.07 0.56 2.95 5.85 252.30
0.16 1.08 0.56 2.94 5.83 252.38
0.18 1.09 0.57 2.94 5.81 252.45
0.20 1.10 0.58 2.93 5.78 252.53
0.22 1.11 0.59 2.92 5.76 252.61
0.24 1.12 0.60 2.91 5.73 252.88
0.26 1.13 0.60 2.91 5.70 252.77
0.28 1.14 0.61 2.90 5.68 252.85
0.30 1.15 0.62 2.89 5.65 252.77
0.32 1.16 0.63 2.88 5.62 253.01
0.34 1.17 0.64 2.87 5.59 253.09
0.36 1.18 0.64 2.86 5.56 253.18
0.38 1.19 0.65 2.85 5.53 253.26
0.40 1.20 0.66 2.84 5.50 253.35
0.42 1.21 0.67 2.83 5.47 253.63
0.44 1.22 0.67 2.83 5.44 253.53
0.46 1.23 0.68 2.82 5.41 253.61
0.48 1.24 0.69 2.81 5.38 253.70
0.50 1.25 0.70 2.80 5.34 253.79
0.52 1.26 0.71 2.79 5.31 253.89
0.54 1.27 0.71 2.78 5.27 254.03
0.56 1.28 0.72 2.77 5.24 254.07
0.58 1.29 0.73 2.76 5.20 254.16
0.60 1.30 0.74 2.75 5.17 254.26
0.62 1.31 0.74 2.74 5.13 254.36
0.64 1.32 0.75 2.73 5.09 254.46
0.66 1.33 0.76 2.71 5.06 254.78
0.68 1.34 0.77 2.70 5.02 254.66
0.70 1.35 0.78 2.69 4.98 254.57
0.72 1.36 0.78 2.68 4.94 254.86
0.74 1.37 0.79 2.67 4.90 255.20
0.76 1.38 0.80 2.66 4.86 255.08
0.78 1.39 0.81 2.65 4.81 255.19
0.80 1.40 0.81 2.64 4.77 255.30
0.82 1.41 0.82 2.63 4.73 255.47
0.84 1.42 0.83 2.62 4.69 255.52
0.86 1.43 0.84 2.60 4.64 255.64
0.88 1.44 0.85 2.59 4.60 255.76
0.90 1.45 0.85 2.58 4.55 256.14
0.92 1.46 0.86 2.57 4.51 256.01
0.94 1.47 0.87 2.56 4.46 255.91
0.96 1.48 0.88 2.55 4.42 256.52
0.98 1.49 0.88 2.54 4.37 256.39
1.00 1.50 0.89 2.53 4.33 256.52
1.02 1.50 0.90 2.52 4.28 256.94
1.04 1.51 0.91 2.51 4.24 256.56
1.06 1.52 0.92 2.50 4.19 256.92
1.08 1.53 0.92 2.48 4.15 257.37
1.10 1.54 0.93 2.47 4.11 257.23
1.12 1.55 0.94 2.46 4.06 257.38
1.14 1.56 0.95 2.45 4.02 257.60
1.16 1.57 0.95 2.44 3.97 257.68
1.18 1.58 0.96 2.43 3.93 258.16
1.20 1.59 0.97 2.43 3.88 258.01
1.22 1.60 0.98 2.42 3.84 257.90
1.24 1.61 0.98 2.41 3.79 258.67
1.26 1.62 0.99 2.40 3.75 258.52
1.28 1.63 1.00 2.39 3.70 259.05
1.30 1.64 1.01 2.38 3.66 258.59
1.32 1.65 1.01 2.37 3.61 259.06
1.34 1.66 1.02 2.36 3.56 259.63
1.36 1.67 1.03 2.35 3.52 259.15
1.38 1.68 1.04 2.34 3.47 260.04
1.40 1.69 1.04 2.34 3.43 259.88
1.42 1.70 1.05 2.33 3.38 260.50
1.44 1.71 1.06 2.32 3.34 259.98
1.46 1.72 1.07 2.31 3.29 260.95
1.48 1.73 1.07 2.31 3.25 260.79
1.50 1.74 1.08 2.30 3.20 260.66
1.52 1.75 1.09 2.29 3.16 261.72
1.54 1.76 1.10 2.28 3.11 261.56
1.56 1.77 1.10 2.28 3.07 262.29
1.58 1.78 1.11 2.27 3.02 261.71
1.60 1.79 1.12 2.27 2.98 262.87
1.62 1.80 1.13 2.26 2.94 263.21
1.64 1.81 1.13 2.26 2.90 262.58
1.66 1.82 1.14 2.25 2.86 263.84
1.68 1.83 1.15 2.25 2.82 263.68
1.70 1.84 1.16 2.24 2.78 264.15
1.72 1.84 1.16 2.24 2.74 264.37
1.74 1.85 1.17 2.23 2.70 265.35
1.76 1.86 1.18 2.23 2.66 264.65
1.78 1.87 1.19 2.23 2.62 266.17
1.80 1.88 1.19 2.22 2.58 265.46
1.82 1.89 1.20 2.22 2.55 267.08
1.84 1.90 1.21 2.22 2.51 267.61
1.86 1.91 1.22 2.22 2.48 266.82
1.88 1.92 1.22 2.22 2.44 268.62
1.90 1.93 1.23 2.22 2.41 268.50
1.92 1.94 1.24 2.21 2.37 269.25
1.94 1.95 1.25 2.22 2.34 270.43
1.96 1.96 1.25 2.22 2.31 269.10
1.98 1.97 1.26 2.24 2.28 271.25
2.00 1.98 1.27 2.25 2.24 270.70
2.02 1.99 1.27 2.25 2.21 268.95
2.04 2.00 1.28 2.27 2.18 271.44
2.06 2.01 1.29 2.27 2.15 270.01
2.08 2.02 1.30 2.28 2.13 270.49
2.10 2.03 1.30 2.30 2.10 272.06
2.12 2.04 1.31 2.30 2.07 270.01
2.14 2.05 1.32 2.30 2.04 270.56
2.16 2.06 1.33 2.32 2.02 271.43
2.18 2.07 1.33 2.34 1.99 272.19
2.20 2.08 1.34 2.34 1.96 268.17
2.22 2.08 1.35 2.36 1.94 272.42
2.24 2.10 1.36 2.36 1.92 270.02
2.26 2.10 1.36 2.37 1.89 272.83
2.28 2.11 1.37 2.38 1.87 269.52
2.30 2.12 1.38 2.38 1.85 271.78
2.32 2.13 1.39 2.40 1.83 273.95
2.34 2.14 1.39 2.40 1.80 270.03
2.36 2.15 1.40 2.41 1.78 271.40
2.38 2.16 1.41 2.42 1.76 274.20
2.40 2.17 1.41 2.44 1.74 276.70
2.42 2.18 1.42 2.44 1.72 270.07
2.44 2.19 1.43 2.45 1.70 272.53
2.46 2.20 1.44 2.46 1.69 280.91
2.46 2.20 1.44 2.46 1.69 223.74
2.48 2.19 1.43 2.46 1.64 218.74
2.50 2.19 1.42 2.47 1.61 213.74
2.52 2.18 1.42 2.48 1.58 208.74
2.54 2.18 1.41 2.48 1.55 203.74
2.56 2.17 1.41 2.49 1.52 198.74
2.58 2.16 1.40 2.49 1.49 193.74
2.60 2.16 1.40 2.49 1.45 188.74
2.62 2.15 1.39 2.49 1.42 183.74
2.64 2.15 1.38 2.48 1.38 178.74
2.66 2.14 1.38 2.47 1.35 173.74
2.68 2.13 1.37 2.46 1.31 168.74
2.70 2.13 1.37 2.45 1.28 163.74
2.72 2.12 1.36 2.44 1.25 158.74
2.74 2.12 1.36 2.42 1.22 153.74
2.76 2.11 1.35 2.40 1.19 148.74
2.78 2.11 1.35 2.38 1.16 143.74
2.80 2.10 1.34 2.35 1.13 138.74
2.82 2.09 1.33 2.33 1.10 133.74
2.84 2.09 1.33 2.30 1.08 128.74
2.86 2.08 1.32 2.29 1.07 127.50
2.88 2.10 1.33 2.28 1.06 122.83
2.90 2.09 1.35 2.26 1.07 122.83
2.92 2.07 1.37 2.25 1.09 122.83
2.94 2.06 1.39 2.24 1.11 122.83
2.96 2.05 1.40 2.23 1.13 122.83
2.98 2.04 1.42 2.22 1.15 122.83
3.00 2.03 1.44 2.20 1.17 122.83
3.02 2.01 1.46 2.19 1.19 122.83
3.04 2.00 1.48 2.18 1.21 122.83
3.06 1.99 1.50 2.16 1.23 122.83
3.08 1.97 1.53 2.15 1.25 122.83
3.10 1.96 1.55 2.14 1.27 122.83
3.12 1.94 1.57 2.12 1.29 122.83
3.14 1.93 1.59 2.11 1.32 122.83
3.16 1.91 1.62 2.09 1.34 122.83
3.18 1.90 1.64 2.08 1.36 122.83
3.20 1.88 1.67 2.06 1.39 122.83
3.22 1.87 1.69 2.04 1.41 122.83
3.24 1.85 1.72 2.03 1.44 122.83
3.26 1.83 1.74 2.01 1.47 122.83
3.28 1.81 1.77 1.99 1.49 122.83
3.30 1.80 1.80 1.98 1.52 122.83
3.32 1.78 1.83 1.96 1.55 122.83
3.34 1.76 1.85 1.94 1.58 122.83
3.36 1.74 1.88 1.92 1.60 122.83
3.38 1.72 1.91 1.90 1.63 122.83
3.40 1.70 1.94 1.88 1.66 122.83
3.42 1.69 1.97 1.86 1.69 122.83
3.44 1.67 2.00 1.84 1.72 122.83
3.46 1.65 2.03 1.82 1.76 122.83
3.48 1.63 2.06 1.80 1.79 122.83
3.50 1.60 2.10 1.78 1.82 122.83
3.52 1.58 2.13 1.76 1.85 122.83
3.54 1.56 2.16 1.74 1.89 122.83
3.56 1.54 2.20 1.72 1.92 122.83
3.58 1.52 2.23 1.70 1.95 122.83
3.60 1.50 2.27 1.67 1.99 122.83
3.62 1.48 2.29 1.69 2.00 125.83
3.64 1.46 2.32 1.68 2.04 128.83
3.66 1.44 2.35 1.68 2.08 131.83
3.68 1.42 2.38 1.67 2.11 134.83
3.70 1.41 2.40 1.67 2.16 137.83
3.72 1.39 2.43 1.66 2.20 140.83
3.74 1.37 2.46 1.65 2.24 143.83
3.76 1.35 2.49 1.65 2.28 146.83
3.78 1.33 2.52 1.64 2.32 149.83
3.80 1.32 2.55 1.63 2.37 152.83
3.82 1.30 2.57 1.62 2.41 155.83
3.84 1.28 2.60 1.61 2.45 158.83
3.86 1.26 2.63 1.59 2.50 161.83
3.88 1.24 2.66 1.58 2.54 164.83
3.90 1.23 2.69 1.57 2.59 167.83
3.92 1.21 2.71 1.55 2.63 170.83
3.94 1.19 2.74 1.54 2.68 173.83
3.96 1.17 2.77 1.52 2.72 176.83
3.98 1.15 2.80 1.50 2.77 179.83
4.00 1.14 2.83 1.48 2.81 80.36
4.02 1.12 2.85 1.49 2.86 80.20
4.04 1.10 2.88 1.50 2.91 81.67
4.06 1.08 2.91 1.51 2.95 125.61
4.08 1.06 2.94 1.46 2.95 126.32
4.10 1.05 2.97 1.41 2.95 125.44
4.12 1.03 2.99 1.38 2.95 124.55
4.14 1.01 3.02 1.33 2.95 124.55
4.16 0.95 3.05 1.29 2.95 124.55
4.18 0.88 3.08 1.24 2.95 124.55
4.20 0.82 3.11 1.20 2.95 124.55
4.22 0.76 3.14 1.15 2.95 124.55
4.24 0.69 3.17 1.11 2.95 124.55
4.26 0.63 3.21 1.07 2.95 124.55
4.28 0.56 3.24 1.03 2.95 124.55
4.30 0.50 3.27 0.99 2.95 124.55
4.32 0.44 3.30 0.95 2.95 124.55
4.34 0.37 3.33 0.91 2.95 124.55
4.36 0.31 3.36 0.87 2.95 124.55
4.38 0.24 3.39 0.83 2.95 124.55
4.40 0.18 3.42 0.79 2.95 124.55
4.42 0.12 3.45 0.75 2.95 124.55
4.44 0.05 3.48 0.72 2.95 124.55
4.46 -0.01 3.51 0.68 2.95 124.55
