0.00 1.00 0.50 9.00 6.00 214.36
0.02 1.01 0.51 8.98 5.99 214.36
0.04 1.02 0.52 8.97 5.98 214.35
0.06 1.03 0.52 8.95 5.96 214.34
0.08 1.04 0.53 8.93 5.95 214.34
0.10 1.05 0.54 8.91 5.94 214.33
0.12 1.06 0.55 8.89 5.93 214.33
0.14 1.07 0.56 8.87 5.91 214.32
0.16 1.08 0.56 8.85 5.90 214.31
0.18 1.09 0.57 8.83 5.88 214.31
0.20 1.10 0.58 8.81 5.87 214.30
0.22 1.11 0.59 8.79 5.86 214.30
0.24 1.12 0.60 8.77 5.84 214.42
0.26 1.13 0.60 8.74 5.82 214.29
0.28 1.14 0.61 8.72 5.81 214.28
0.30 1.15 0.62 8.70 5.79 214.17
0.32 1.16 0.63 8.67 5.78 214.27
0.34 1.17 0.64 8.65 5.76 214.26
0.36 1.18 0.64 8.62 5.74 214.25
0.38 1.19 0.65 8.60 5.72 214.25
0.40 1.20 0.66 8.57 5.71 214.24
0.42 1.21 0.67 8.54 5.69 214.37
0.44 1.22 0.67 8.52 5.67 214.23
0.46 1.23 0.68 8.49 5.65 214.23
0.48 1.24 0.69 8.46 5.63 214.22
0.50 1.25 0.70 8.43 5.61 214.21
0.52 1.26 0.71 8.40 5.59 214.20
0.54 1.27 0.71 8.37 5.57 214.23
0.56 1.28 0.72 8.34 5.55 214.19
0.58 1.29 0.73 8.31 5.53 214.19
0.60 1.30 0.74 8.28 5.51 214.18
0.62 1.31 0.74 8.25 5.49 214.17
0.64 1.32 0.75 8.22 5.47 214.16
0.66 1.33 0.76 8.18 5.44 214.31
0.68 1.34 0.77 8.15 5.42 214.16
0.70 1.35 0.78 8.12 5.40 214.02
0.72 1.36 0.78 8.08 5.38 214.14
0.74 1.37 0.79 8.05 5.35 214.28
0.76 1.38 0.80 8.01 5.33 214.13
0.78 1.39 0.81 7.98 5.30 214.12
0.80 1.40 0.81 7.94 5.28 214.11
0.82 1.41 0.82 7.90 5.25 214.14
0.84 1.42 0.83 7.87 5.23 214.10
0.86 1.43 0.84 7.83 5.20 214.09
0.88 1.44 0.85 7.79 5.18 214.08
0.90 1.45 0.85 7.75 5.15 214.24
0.92 1.46 0.86 7.72 5.13 214.07
0.94 1.47 0.87 7.68 5.10 213.93
0.96 1.48 0.88 7.64 5.08 214.22
0.98 1.49 0.88 7.60 5.05 214.05
1.00 1.50 0.89 7.56 5.02 214.04
1.02 1.50 0.90 7.53 5.00 214.21
1.04 1.51 0.91 7.49 4.97 213.89
1.06 1.52 0.92 7.45 4.95 214.02
1.08 1.53 0.92 7.41 4.92 214.19
1.10 1.54 0.93 7.37 4.89 214.01
1.12 1.55 0.94 7.33 4.87 214.00
1.14 1.56 0.95 7.30 4.84 214.03
1.16 1.57 0.95 7.26 4.82 213.98
1.18 1.58 0.96 7.22 4.79 214.16
1.20 1.59 0.97 7.18 4.77 213.97
1.22 1.60 0.98 7.14 4.74 213.81
1.24 1.61 0.98 7.11 4.71 214.13
1.26 1.62 0.99 7.07 4.69 213.94
1.28 1.63 1.00 7.03 4.66 214.13
1.30 1.64 1.01 6.99 4.64 213.77
1.32 1.65 1.01 6.95 4.61 213.91
1.34 1.66 1.02 6.92 4.59 214.10
1.36 1.67 1.03 6.88 4.56 213.74
1.38 1.68 1.04 6.84 4.53 214.09
1.40 1.69 1.04 6.80 4.51 213.88
1.42 1.70 1.05 6.76 4.48 214.08
1.44 1.71 1.06 6.72 4.46 213.70
1.46 1.72 1.07 6.69 4.43 214.06
1.48 1.73 1.07 6.65 4.41 213.85
1.50 1.74 1.08 6.61 4.38 213.66
1.52 1.75 1.09 6.57 4.36 214.04
1.54 1.76 1.10 6.53 4.33 213.82
1.56 1.77 1.10 6.50 4.30 214.03
1.58 1.78 1.11 6.46 4.28 213.62
1.60 1.79 1.12 6.42 4.25 214.01
1.62 1.80 1.13 6.38 4.23 214.01
1.64 1.81 1.13 6.34 4.20 213.59
1.66 1.82 1.14 6.30 4.18 213.99
1.68 1.83 1.15 6.27 4.15 213.75
1.70 1.84 1.16 6.23 4.12 213.79
1.72 1.84 1.16 6.19 4.10 213.73
1.74 1.85 1.17 6.15 4.07 213.96
1.76 1.86 1.18 6.11 4.05 213.51
1.78 1.87 1.19 6.07 4.02 213.94
1.80 1.88 1.19 6.04 4.00 213.48
1.82 1.89 1.20 6.00 3.97 213.93
1.84 1.90 1.21 5.96 3.95 213.93
1.86 1.91 1.22 5.92 3.92 213.45
1.88 1.92 1.22 5.88 3.89 213.90
1.90 1.93 1.23 5.85 3.87 213.63
1.92 1.94 1.24 5.81 3.84 213.67
1.94 1.95 1.25 5.77 3.82 213.88
1.96 1.96 1.25 5.73 3.79 213.37
1.98 1.97 1.26 5.69 3.77 213.86
2.00 1.98 1.27 5.65 3.74 213.86
2.02 1.99 1.27 5.62 3.72 213.33
2.04 2.00 1.28 5.58 3.69 213.84
2.06 2.01 1.29 5.54 3.66 213.60
2.08 2.02 1.30 5.50 3.64 213.52
2.10 2.03 1.30 5.46 3.61 213.81
2.12 2.04 1.31 5.42 3.59 213.56
2.14 2.05 1.32 5.39 3.56 213.48
2.16 2.06 1.33 5.35 3.54 213.53
2.18 2.07 1.33 5.31 3.51 213.78
2.20 2.08 1.34 5.27 3.49 213.17
2.22 2.08 1.35 5.23 3.46 213.75
2.24 2.10 1.36 5.19 3.44 213.48
2.26 2.10 1.36 5.16 3.41 213.74
2.28 2.11 1.37 5.12 3.38 213.38
2.30 2.12 1.38 5.08 3.36 213.43
2.32 2.13 1.39 5.04 3.33 213.71
2.34 2.14 1.39 5.00 3.31 213.41
2.36 2.15 1.40 4.96 3.28 213.30
2.38 2.16 1.41 4.93 3.26 213.37
2.40 2.17 1.41 4.89 3.23 213.67
2.42 2.18 1.42 4.85 3.21 213.34
2.44 2.19 1.43 4.81 3.18 213.23
2.46 2.20 1.44 4.77 3.16 213.29
2.48 2.21 1.44 4.73 3.13 213.62
2.50 2.22 1.45 4.70 3.11 213.27
2.52 2.23 1.46 4.66 3.08 213.60
2.54 2.24 1.46 4.62 3.06 212.76
2.56 2.25 1.47 4.58 3.03 213.56
2.58 2.26 1.48 4.54 3.01 213.19
2.60 2.27 1.49 4.50 2.98 213.55
2.62 2.28 1.49 4.46 2.95 213.15
2.64 2.29 1.50 4.43 2.93 213.53
2.66 2.29 1.51 4.39 2.90 212.55
2.68 2.30 1.51 4.35 2.88 213.48
2.70 2.31 1.52 4.31 2.85 213.05
2.72 2.32 1.53 4.27 2.83 213.01
2.74 2.33 1.54 4.23 2.80 213.46
2.76 2.34 1.54 4.20 2.78 212.97
2.78 2.35 1.55 4.16 2.75 213.43
2.80 2.36 1.56 4.12 2.73 212.91
2.82 2.37 1.56 4.08 2.70 213.40
2.84 2.38 1.57 4.05 2.68 212.13
2.86 2.39 1.58 4.01 2.66 213.35
2.88 2.40 1.59 3.97 2.63 212.77
2.90 2.41 1.59 3.94 2.61 212.72
2.92 2.42 1.60 3.90 2.59 213.31
2.94 2.43 1.61 3.87 2.57 212.66
2.96 2.44 1.61 3.83 2.54 213.28
2.98 2.45 1.62 3.80 2.52 212.57
3.00 2.46 1.63 3.77 2.50 212.50
3.02 2.46 1.64 3.74 2.48 213.22
3.04 2.47 1.64 3.70 2.46 212.43
3.06 2.48 1.65 3.67 2.44 213.18
3.08 2.49 1.66 3.64 2.42 212.31
3.10 2.50 1.66 3.61 2.40 212.22
3.12 2.51 1.67 3.58 2.38 213.11
3.14 2.52 1.68 3.55 2.36 212.11
3.16 2.53 1.68 3.52 2.34 212.00
3.18 2.54 1.69 3.49 2.33 213.03
3.20 2.55 1.70 3.47 2.31 211.87
3.22 2.56 1.71 3.44 2.29 212.97
3.24 2.57 1.71 3.41 2.27 211.67
3.26 2.58 1.72 3.39 2.26 211.50
3.28 2.59 1.73 3.36 2.24 212.88
3.30 2.60 1.73 3.33 2.23 211.29
3.32 2.60 1.74 3.31 2.21 211.07
3.34 2.61 1.75 3.28 2.19 212.78
3.36 2.62 1.75 3.26 2.18 210.79
3.38 2.63 1.76 3.24 2.17 210.46
3.40 2.64 1.77 3.21 2.15 216.12
3.42 2.65 1.77 3.19 2.14 210.18
3.44 2.66 1.78 3.17 2.12 209.39
3.46 2.67 1.79 3.15 2.11 208.96
3.48 2.68 1.79 3.13 2.10 212.50
3.50 2.69 1.80 3.11 2.09 208.04
3.52 2.70 1.81 3.08 2.07 206.70
3.54 2.71 1.82 3.06 2.06 212.80
3.56 2.72 1.82 3.05 2.05 218.64
3.58 2.73 1.83 3.03 2.04 199.23
3.60 2.73 1.84 3.01 2.04 180.02
3.60 2.73 1.84 3.01 2.04 216.49
3.62 2.73 1.83 3.02 2.01 211.49
3.64 2.72 1.82 3.02 1.98 206.49
3.66 2.71 1.82 3.03 1.95 201.49
3.68 2.70 1.81 3.03 1.91 196.49
3.70 2.70 1.81 3.03 1.88 191.49
3.72 2.69 1.80 3.02 1.84 186.49
3.74 2.68 1.80 3.02 1.81 181.49
3.76 2.67 1.79 3.01 1.78 176.49
3.78 2.67 1.79 3.00 1.74 171.49
3.80 2.66 1.78 2.99 1.71 166.49
3.82 2.65 1.77 2.97 1.67 161.49
3.84 2.64 1.77 2.95 1.64 156.49
3.86 2.64 1.76 2.93 1.61 151.49
3.88 2.63 1.76 2.91 1.58 146.49
3.90 2.62 1.75 2.90 1.57 146.14
3.92 2.63 1.77 2.89 1.57 142.39
3.94 2.61 1.78 2.88 1.58 142.39
3.96 2.60 1.79 2.86 1.59 142.39
3.98 2.58 1.80 2.84 1.60 142.39
4.00 2.56 1.82 2.83 1.62 142.39
4.02 2.55 1.83 2.81 1.63 142.39
4.04 2.53 1.85 2.79 1.64 142.39
4.06 2.51 1.86 2.77 1.66 142.39
4.08 2.49 1.88 2.75 1.67 142.39
4.10 2.47 1.89 2.73 1.69 142.39
4.12 2.45 1.91 2.71 1.71 142.39
4.14 2.43 1.92 2.69 1.72 142.39
4.16 2.41 1.94 2.67 1.74 142.39
4.18 2.38 1.96 2.65 1.75 142.39
4.20 2.36 1.97 2.62 1.77 142.39
4.22 2.34 1.99 2.60 1.79 142.39
4.24 2.32 2.01 2.58 1.81 142.39
4.26 2.29 2.03 2.55 1.83 142.39
4.28 2.27 2.05 2.53 1.84 142.39
4.30 2.24 2.06 2.51 1.86 142.39
4.32 2.22 2.08 2.48 1.88 142.39
4.34 2.19 2.10 2.45 1.90 142.39
4.36 2.17 2.12 2.43 1.92 142.39
4.38 2.14 2.14 2.40 1.94 142.39
4.40 2.11 2.16 2.38 1.96 142.39
4.42 2.09 2.19 2.35 1.98 142.39
4.44 2.06 2.21 2.32 2.01 142.39
4.46 2.03 2.23 2.29 2.03 142.39
4.48 2.00 2.25 2.26 2.05 142.39
4.50 1.97 2.27 2.23 2.07 142.39
4.52 1.94 2.30 2.20 2.10 142.39
4.54 1.91 2.32 2.17 2.12 142.39
4.56 1.88 2.34 2.14 2.14 142.39
4.58 1.85 2.37 2.11 2.17 142.39
4.60 1.82 2.39 2.08 2.19 142.39
4.62 1.79 2.42 2.05 2.22 142.39
4.64 1.75 2.44 2.01 2.24 142.39
4.66 1.72 2.47 1.98 2.27 142.39
4.68 1.69 2.49 1.95 2.29 142.39
4.70 1.65 2.52 1.91 2.32 142.39
4.72 1.62 2.55 1.88 2.35 142.39
4.74 1.58 2.57 1.84 2.37 142.39
4.76 1.55 2.60 1.81 2.40 142.39
4.78 1.51 2.63 1.77 2.43 142.39
4.80 1.47 2.66 1.74 2.46 142.39
4.82 1.44 2.68 1.75 2.47 145.39
4.84 1.42 2.70 1.73 2.51 148.39
4.86 1.39 2.73 1.71 2.54 151.39
4.88 1.36 2.75 1.68 2.58 154.39
4.90 1.33 2.77 1.66 2.62 157.39
4.92 1.30 2.79 1.64 2.66 160.39
4.94 1.27 2.82 1.62 2.70 163.39
4.96 1.24 2.84 1.59 2.74 166.39
4.98 1.21 2.86 1.57 2.78 169.39
5.00 1.18 2.88 1.54 2.82 172.39
5.02 1.15 2.91 1.51 2.86 175.39
5.04 1.12 2.93 1.48 2.90 178.39
5.06 1.10 2.95 1.45 2.94 181.39
5.08 1.07 2.97 1.42 2.98 184.39
5.10 1.04 3.00 1.39 3.02 187.39
5.12 1.01 3.02 1.36 3.05 190.39
5.14 0.98 3.04 1.33 3.09 79.99
5.16 0.95 3.06 1.34 3.14 79.60
5.18 0.92 3.09 1.35 3.19 81.92
5.20 0.89 3.11 1.35 3.23 126.59
5.22 0.86 3.13 1.31 3.22 127.42
5.24 0.83 3.15 1.26 3.21 126.32
5.26 0.81 3.18 1.22 3.20 125.19
5.28 0.78 3.20 1.17 3.19 124.07
5.30 0.75 3.22 1.13 3.20 122.99
5.32 0.72 3.24 1.08 3.20 121.96
5.34 0.69 3.27 1.05 3.20 120.93
5.36 0.66 3.29 1.00 3.21 120.93
5.38 0.59 3.32 0.96 3.21 120.93
5.40 0.51 3.35 0.91 3.21 120.93
5.42 0.44 3.37 0.87 3.21 120.93
5.44 0.36 3.40 0.82 3.21 120.93
5.46 0.29 3.43 0.78 3.21 120.93
5.48 0.21 3.46 0.74 3.21 120.93
5.50 0.14 3.49 0.70 3.21 120.93
5.52 0.06 3.52 0.66 3.21 120.93
5.54 -0.01 3.54 0.62 3.21 120.93
